-77.60142981 -38.42814988 -70.23311961
91.77214183 40.84106452 -52.54730009
-98.38262695 28.51947790 -48.45190277
58.17885837 -45.93046171 62.08747031
-67.84866718 49.80693698 49.82557680
-83.00704895 -90.88626488 -89.94858091
-30.63236775 69.23042653 -13.86437583
-69.40218043 57.71464116 -99.71683187
-85.94000708 -75.15389785 27.43519965
-69.24069863 28.11572922 -32.30619859
-52.89054428 -11.62311770 -11.54057417
-59.95409010 -41.55433097 -11.80741699
-11.95368072 75.51996419 -45.58182156
-30.08115325 52.34839617 -60.55885181
17.19079981 66.63044553 41.86282073
-5.76774848 -43.77697604 -4.17026824
37.89655099 22.82117224 -76.59332303
-69.21211112 -41.58452895 -31.10548952
24.96949556 -54.82411403 -22.30237077
53.56308503 57.35310154 -67.68903390
34.25429574 -0.41139145 -80.76265340
-86.39732687 -41.35257575 -19.43938160
52.77447547 79.47447907 92.67725503
73.72221474 18.16601155 2.91528205
44.44245511 -99.61947844 -43.36545608
64.94277968 22.86088524 63.94013462
-81.11671612 -64.67362084 -58.71030526
55.64481903 84.97360043 13.09427575
-1.24447323 43.54818697 63.81790866
7.97064119 64.44527003 -31.57455773
-49.75286073 -96.98233417 13.95794920
66.57272048 9.01040578 65.31094435
26.69553703 76.12711347 15.39802113
-26.76124131 44.33079871 15.20639569
74.40612213 -82.94567227 40.48122104
-4.95567623 77.67196084 95.57081168
-67.23458312 -44.55987016 52.19165513
-18.08636367 -48.95227149 44.96904761
43.55400348 28.43996681 -28.60106744
-66.55457413 67.07569700 33.00500709